0.000000 0.000000 10.000000
0.500000 0.000000 10.000000
1.000000 0.000000 10.000000
1.500000 0.000000 0.000000
2.000000 0.000000 0.000000
2.500000 0.000000 0.000000
3.000000 0.000000 0.000000
3.500000 0.000000 0.000000
4.000000 0.000000 10.000000

0.000000 0.500000 20.000000
0.500000 0.500000 10.000000
1.000000 0.500000 10.000000
1.500000 0.500000 10.000000
2.000000 0.500000 10.000000
2.500000 0.500000 10.000000
3.000000 0.500000 10.000000
3.500000 0.500000 10.000000
4.000000 0.500000 10.000000

0.000000 1.000000 20.000000
0.500000 1.000000 10.000000
1.000000 1.000000 10.000000
1.500000 1.000000 10.000000
2.000000 1.000000 10.000000
2.500000 1.000000 10.000000
3.000000 1.000000 10.000000
3.500000 1.000000 10.000000
4.000000 1.000000 10.000000

0.000000 1.500000 20.000000
0.500000 1.500000 10.000000
1.000000 1.500000 10.000000
1.500000 1.500000 10.000000
2.000000 1.500000 10.000000
2.500000 1.500000 10.000000
3.000000 1.500000 10.000000
3.500000 1.500000 10.000000
4.000000 1.500000 10.000000

0.000000 2.000000 10.000000
0.500000 2.000000 10.000000
1.000000 2.000000 10.000000
1.500000 2.000000 10.000000
2.000000 2.000000 10.000000
2.500000 2.000000 10.000000
3.000000 2.000000 10.000000
3.500000 2.000000 10.000000
4.000000 2.000000 10.000000

0.000000 2.500000 10.000000
0.500000 2.500000 10.000000
1.000000 2.500000 10.000000
1.500000 2.500000 0.000000
2.000000 2.500000 0.000000
2.500000 2.500000 4196.000000
3.000000 2.500000 926.000000
3.500000 2.500000 1015.000000
4.000000 2.500000 0.939394

0.000000 3.000000 1026.000000
0.500000 3.000000 350.000000
1.000000 3.000000 759.000000
1.500000 3.000000 -nan
2.000000 3.000000 0.000000
2.500000 3.000000 0.000000
3.000000 3.000000 NaN
3.500000 3.000000 NaN
4.000000 3.000000 NaN

0.000000 3.500000 0.000000
0.500000 3.500000 0.000000
1.000000 3.500000 0.000000
1.500000 3.500000 0.000000
2.000000 3.500000 0.000000
2.500000 3.500000 0.000000
3.000000 3.500000 NaN
3.500000 3.500000 NaN
4.000000 3.500000 NaN

0.000000 4.000000 0.000000
0.500000 4.000000 0.000000
1.000000 4.000000 0.000000
1.500000 4.000000 0.000000
2.000000 4.000000 0.000000
2.500000 4.000000 0.000000
3.000000 4.000000 NaN
3.500000 4.000000 NaN
4.000000 4.000000 NaN

