0 
3 
7 
11 
15 
19 
23 
27 
31 
35 
39 
43 
47 
51 
55 
58 
62 
67 
72 
77 
82 
87 
92 
97 
102 
107 
112 
117 
122 
127 
131 
135 
140 
145 
150 
155 
160 
165 
170 
175 
180 
185 
190 
195 
200 
204 
208 
213 
218 
223 
228 
233 
238 
243 
248 
253 
258 
263 
268 
273 
277 
281 
286 
291 
296 
301 
306 
311 
316 
321 
326 
331 
336 
341 
346 
350 
354 
359 
364 
369 
374 
379 
384 
389 
394 
399 
404 
409 
414 
419 
423 
427 
432 
437 
442 
447 
452 
457 
462 
467 
472 
477 
482 
487 
492 
496 
500 
505 
510 
515 
520 
525 
530 
535 
540 
545 
550 
555 
560 
565 
569 
573 
578 
583 
588 
593 
598 
603 
608 
613 
617 
621 
625 
629 
633 
636 
640 
645 
650 
655 
660 
665 
670 
675 
679 
683 
688 
693 
698 
703 
708 
713 
718 
722 
726 
731 
736 
741 
746 
751 
756 
761 
765 
769 
774 
779 
784 
789 
794 
799 
804 
808 
812 
817 
822 
827 
832 
837 
842 
847 
851 
854 
858 
862 
866 
870 
874 
878 
882 
885 
3553 
0 
0 
1 
15 
0 
1 
2 
16 
1 
2 
3 
17 
2 
3 
