0 
1 
15 
0 
1 
2 
16 
1 
2 
3 
17 
2 
3 
4 
18 
3 
4 
5 
19 
4 
5 
6 
20 
5 
6 
7 
21 
6 
7 
8 
22 
7 
8 
9 
23 
8 
9 
10 
24 
9 
10 
11 
25 
10 
11 
12 
26 
11 
12 
13 
27 
12 
13 
14 
28 
13 
14 
29 
0 
15 
16 
30 
1 
15 
16 
17 
31 
2 
16 
17 
18 
32 
3 
17 
18 
19 
33 
4 
18 
19 
20 
34 
5 
19 
20 
21 
35 
6 
20 
21 
22 
36 
7 
21 
22 
23 
37 
8 
22 
23 
24 
38 
9 
23 
24 
25 
39 
10 
24 
25 
26 
40 
11 
25 
26 
27 
41 
12 
26 
27 
28 
42 
13 
27 
28 
29 
43 
14 
28 
29 
44 
15 
30 
31 
45 
16 
30 
31 
32 
46 
17 
31 
32 
33 
47 
18 
32 
33 
34 
48 
19 
33 
34 
35 
49 
20 
34 
35 
36 
50 
21 
35 
36 
37 
51 
22 
36 
37 
38 
52 
23 
37 
38 
39 
53 
24 
38 
39 
40 
54 
25 
39 
40 
41 
55 
26 
40 
41 
42 
56 
27 
41 
42 
43 
57 
28 
42 
43 
44 
58 
29 
43 
44 
59 
30 
45 
46 
60 
31 
45 
46 
47 
61 
32 
46 
47 
48 
62 
33 
47 
48 
49 
63 
34 
48 
49 
50 
64 
35 
49 
50 
51 
65 
36 
50 
51 
52 
66 
37 
51 
52 
53 
67 
38 
52 
53 
54 
68 
39 
53 
54 
55 
69 
40 
54 
55 
56 
70 
41 
55 
56 
57 
71 
42 
56 
57 
58 
72 
43 
57 
58 
59 
73 
44 
58 
59 
74 
45 
60 
61 
75 
46 
60 
61 
62 
76 
47 
61 
62 
63 
77 
48 
62 
63 
64 
78 
49 
63 
64 
65 
79 
50 
64 
65 
66 
80 
51 
65 
66 
67 
81 
52 
66 
67 
68 
82 
53 
67 
68 
69 
83 
54 
68 
69 
70 
84 
55 
69 
70 
71 
85 
56 
70 
71 
72 
86 
57 
71 
72 
73 
87 
58 
72 
73 
74 
88 
59 
73 
74 
89 
60 
75 
76 
90 
61 
75 
76 
77 
91 
62 
76 
77 
78 
92 
63 
77 
78 
79 
93 
64 
78 
79 
80 
94 
65 
79 
80 
81 
95 
66 
80 
81 
82 
96 
67 
81 
82 
83 
97 
68 
82 
83 
84 
98 
69 
83 
84 
85 
99 
70 
84 
85 
86 
100 
71 
85 
86 
87 
101 
72 
86 
87 
88 
102 
73 
87 
88 
89 
103 
74 
88 
89 
104 
75 
90 
91 
105 
76 
90 
91 
92 
106 
77 
91 
92 
93 
107 
78 
92 
93 
94 
108 
79 
93 
94 
95 
109 
80 
94 
95 
96 
110 
81 
95 
96 
97 
111 
82 
96 
97 
98 
112 
83 
97 
98 
99 
113 
84 
98 
99 
100 
114 
85 
99 
100 
101 
115 
86 
100 
101 
102 
116 
87 
101 
102 
103 
117 
88 
102 
103 
104 
118 
89 
103 
104 
119 
90 
105 
106 
120 
91 
105 
106 
107 
121 
92 
106 
107 
108 
122 
93 
107 
108 
109 
123 
94 
108 
109 
110 
124 
95 
109 
110 
111 
125 
96 
110 
111 
112 
126 
97 
111 
112 
113 
127 
98 
112 
113 
114 
128 
99 
113 
114 
115 
129 
100 
114 
115 
116 
130 
101 
115 
116 
117 
131 
102 
116 
117 
118 
132 
103 
117 
118 
119 
133 
104 
118 
119 
134 
105 
120 
121 
135 
106 
120 
121 
122 
136 
107 
121 
122 
123 
137 
108 
122 
123 
124 
138 
109 
123 
124 
125 
139 
110 
124 
125 
126 
140 
111 
125 
126 
127 
141 
112 
126 
127 
128 
142 
113 
127 
128 
129 
143 
114 
128 
129 
130 
115 
129 
130 
131 
116 
130 
131 
132 
117 
131 
132 
133 
118 
132 
133 
134 
119 
133 
134 
120 
135 
136 
144 
121 
135 
136 
137 
145 
122 
136 
137 
138 
146 
123 
137 
138 
139 
147 
124 
138 
139 
140 
148 
125 
139 
140 
141 
149 
126 
140 
141 
142 
150 
127 
141 
142 
143 
151 
128 
142 
143 
152 
135 
144 
145 
153 
136 
144 
145 
146 
154 
137 
145 
146 
147 
155 
138 
146 
147 
148 
156 
139 
147 
148 
149 
157 
140 
148 
149 
150 
158 
141 
149 
150 
151 
159 
142 
150 
151 
152 
160 
143 
151 
152 
161 
144 
153 
154 
162 
145 
153 
154 
155 
163 
146 
154 
155 
156 
164 
147 
155 
156 
157 
165 
148 
156 
157 
158 
166 
149 
157 
158 
159 
167 
150 
158 
159 
160 
168 
151 
159 
160 
161 
169 
152 
160 
161 
170 
153 
162 
163 
171 
154 
162 
163 
164 
172 
155 
163 
164 
165 
173 
156 
164 
165 
166 
174 
157 
165 
166 
167 
175 
158 
166 
167 
168 
176 
159 
167 
168 
169 
177 
160 
168 
169 
170 
178 
161 
169 
170 
179 
162 
171 
172 
180 
163 
171 
172 
173 
181 
164 
172 
173 
174 
182 
165 
173 
174 
175 
183 
166 
174 
175 
176 
184 
167 
175 
176 
177 
185 
168 
176 
177 
178 
186 
169 
177 
178 
179 
187 
170 
178 
179 
188 
171 
180 
181 
172 
180 
181 
182 
173 
181 
182 
183 
174 
182 
183 
184 
175 
183 
184 
185 
176 
184 
185 
186 
177 
185 
186 
187 
178 
186 
187 
188 
179 
187 
188 
0 
7089 
0 
0 
1078984704 
0 
-1070596096 
0 
-1070596096 
0 
-1070596096 
0 
1078984704 
0 
-1070596096 
0 
-1070596096 
0 
-1070596096 
0 
1078984704 
0 
-1070596096 
0 
-1070596096 
0 
-1070596096 
0 
1078984704 
0 
-1070596096 
0 
-1070596096 
0 
-1070596096 
0 
1078984704 
0 
-1070596096 
0 
-1070596096 
0 
-1070596096 
0 
1078984704 
0 
-1070596096 
0 
-1070596096 
0 
-1070596096 
0 
1078984704 
0 
-1070596096 
0 
-1070596096 
0 
-1070596096 
0 
1078984704 
0 
-1070596096 
0 
-1070596096 
0 
-1070596096 
0 
1078984704 
0 
-1070596096 
0 
-1070596096 
0 
-1070596096 
